[3-b13-1]
2020 1
0

[3-b13-2]
2020 2
0

[3-b13-3]
2020 3
0

[3-b13-4]
2020 4
0

[3-b13-5]
2020 5
0

[3-b13-6]
2020 6
0

[3-b13-7]
2020 7
0

[3-b13-8]
2020 8
0

[3-b13-9]
2020 9
0

[3-b13-10]
2020 10
0

[3-b13-11]
2020 11
0

[3-b13-12]
2020 12
0

[3-b13-13]
2021 1
0

[3-b13-14]
2021 2
0

[3-b13-15]
2021 3
0

[3-b13-16]
2021 4
0

[3-b13-17]
2021 5
0

[3-b13-18]
2021 6
0

[3-b13-19]
2021 7
0

[3-b13-20]
2021 8
0

[3-b13-21]
2021 9
0

[3-b13-22]
2021 10
0

[3-b13-23]
2021 11
0

[3-b13-24]
2021 12
0

[3-b13-25]
2022 1
0

[3-b13-26]
2022 2
0

[3-b13-27]
2022 3
0

[3-b13-28]
2022 4
0

[3-b13-29]
2022 5
0

[3-b13-30]
2022 6
0

[3-b13-31]
2022 7
0

[3-b13-32]
2022 8
0

[3-b13-33]
2022 9
0

[3-b13-34]
2022 10
0

[3-b13-35]
2022 11
0

[3-b13-36]
2022 12
0

[3-b13-37]
2023 1
0

[3-b13-38]
2023 2
0

[3-b13-39]
2023 3
0

[3-b13-40]
2023 4
0

[3-b13-41]
2023 5
0

[3-b13-42]
2023 6
0

[3-b13-43]
2023 7
0

[3-b13-44]
2023 8
0

[3-b13-45]
2023 9
0

[3-b13-46]
2023 10
0

[3-b13-47]
2023 11
0

[3-b13-48]
2023 12
0

[3-b13-49]
2024 1
0

[3-b13-50]
2024 2
0

[3-b13-51]
2024 3
0

[3-b13-52]
2024 4
0

[3-b13-53]
2024 5
0

[3-b13-54]
2024 6
0

[3-b13-55]
2024 7
0

[3-b13-56]
2024 8
0

[3-b13-57]
2024 9
0

[3-b13-58]
2024 10
0

[3-b13-59]
2024 11
0

[3-b13-60]
2024 12
0

[3-b13-61]
2025 1
0

[3-b13-62]
2025 2
0

[3-b13-63]
2025 3
0

[3-b13-64]
2025 4
0

[3-b13-65]
2025 5
0

[3-b13-66]
2025 6
0

[3-b13-67]
2025 7
0

[3-b13-68]
2025 8
0

[3-b13-69]
2025 9
0

[3-b13-70]
2025 10
0

[3-b13-71]
2025 11
0

[3-b13-72]
2025 12
0

[3-b13-73]
2026 1
0

[3-b13-74]
2026 2
0

[3-b13-75]
2026 3
0

[3-b13-76]
2026 4
0

[3-b13-77]
2026 5
0

[3-b13-78]
2026 6
0

[3-b13-79]
2026 7
0

[3-b13-80]
2026 8
0

[3-b13-81]
2026 9
0

[3-b13-82]
2026 10
0

[3-b13-83]
2026 11
0

[3-b13-84]
2026 12
0

[3-b13-85]
2027 1
0

[3-b13-86]
2027 2
0

[3-b13-87]
2027 3
0

[3-b13-88]
2027 4
0

[3-b13-89]
2027 5
0

[3-b13-90]
2027 6
0

[3-b13-91]
2027 7
0

[3-b13-92]
2027 8
0

[3-b13-93]
2027 9
0

[3-b13-94]
2027 10
0

[3-b13-95]
2027 11
0

[3-b13-96]
2027 12
0

[3-b13-97]
2028 1
0

[3-b13-98]
2028 2
0

[3-b13-99]
2028 3
0

[3-b13-100]
2028 4
0

[3-b13-101]
2028 5
0

[3-b13-102]
2028 6
0

[3-b13-103]
2028 7
0

[3-b13-104]
2028 8
0

[3-b13-105]
2028 9
0

[3-b13-106]
2028 10
0

[3-b13-107]
2028 11
0

[3-b13-108]
2028 12
0

[3-b13-109]
2029 1
0

[3-b13-110]
2029 2
0

[3-b13-111]
2029 3
0

[3-b13-112]
2029 4
0

[3-b13-113]
2029 5
0

[3-b13-114]
2029 6
0

[3-b13-115]
2029 7
0

[3-b13-116]
2029 8
0

[3-b13-117]
2029 9
0

[3-b13-118]
2029 10
0

[3-b13-119]
2029 11
0

[3-b13-120]
2029 12
0

[3-b13-121]
2030 1
0

[3-b13-122]
2030 2
0

[3-b13-123]
2030 3
0

[3-b13-124]
2030 4
0

[3-b13-125]
2030 5
0

[3-b13-126]
2030 6
0

[3-b13-127]
2030 7
0

[3-b13-128]
2030 8
0

[3-b13-129]
2030 9
0

[3-b13-130]
2030 10
0

[3-b13-131]
2030 11
0

[3-b13-132]
2030 12
0

[3-b13-133]
2020 1
0

[3-b13-134]
2020 1
1

[3-b13-135]
2020 1
2

[3-b13-136]
2020 1
3

[3-b13-137]
2020 1
4

[3-b13-138]
2020 1
5

[3-b13-139]
2020 1
6

[3-b13-140]
2020 2
0

[3-b13-141]
2020 2
1

[3-b13-142]
2020 2
2

[3-b13-143]
2020 2
3

[3-b13-144]
2020 2
4

[3-b13-145]
2020 2
5

[3-b13-146]
2020 2
6

[3-b13-147]
2020 3
0

[3-b13-148]
2020 3
1

[3-b13-149]
2020 3
2

[3-b13-150]
2020 3
3

[3-b13-151]
2020 3
4

[3-b13-152]
2020 3
5

[3-b13-153]
2020 3
6

[3-b13-154]
2020 4
0

[3-b13-155]
2020 4
1

[3-b13-156]
2020 4
2

[3-b13-157]
2020 4
3

[3-b13-158]
2020 4
4

[3-b13-159]
2020 4
5

[3-b13-160]
2020 4
6

[3-b13-161]
2020 5
0

[3-b13-162]
2020 5
1

[3-b13-163]
2020 5
2

[3-b13-164]
2020 5
3

[3-b13-165]
2020 5
4

[3-b13-166]
2020 5
5

[3-b13-167]
2020 5
6

[3-b13-168]
2020 6
0

[3-b13-169]
2020 6
1

[3-b13-170]
2020 6
2

[3-b13-171]
2020 6
3

[3-b13-172]
2020 6
4

[3-b13-173]
2020 6
5

[3-b13-174]
2020 6
6

[3-b13-175]
2020 7
0

[3-b13-176]
2020 7
1

[3-b13-177]
2020 7
2

[3-b13-178]
2020 7
3

[3-b13-179]
2020 7
4

[3-b13-180]
2020 7
5

[3-b13-181]
2020 7
6

[3-b13-182]
2020 8
0

[3-b13-183]
2020 8
1

[3-b13-184]
2020 8
2

[3-b13-185]
2020 8
3

[3-b13-186]
2020 8
4

[3-b13-187]
2020 8
5

[3-b13-188]
2020 8
6

[3-b13-189]
2020 9
0

[3-b13-190]
2020 9
1

[3-b13-191]
2020 9
2

[3-b13-192]
2020 9
3

[3-b13-193]
2020 9
4

[3-b13-194]
2020 9
5

[3-b13-195]
2020 9
6

[3-b13-196]
2020 10
0

[3-b13-197]
2020 10
1

[3-b13-198]
2020 10
2

[3-b13-199]
2020 10
3

[3-b13-200]
2020 10
4

[3-b13-201]
1098 2
2020 10
7
5

[3-b13-202]
2020 13
2020 10
-1
6

[3-b13-203]
sdc cce
2020 11
bub
0

[3-b13-204]
2030 -9
2020 11
134
1

[3-b13-205]
2020 11
2

[3-b13-206]
2020 11
3

[3-b13-207]
2020 11
4

[3-b13-208]
2020 11
5

[3-b13-209]
2020 11
6

[3-b13-210]
2020 12
0

[3-b13-211]
2020 12
1

[3-b13-212]
2020 12
2

[3-b13-213]
2020 12
3

[3-b13-214]
2020 12
4

[3-b13-215]
2020abcd 98
2020 12
3d
dv
.a
5

[3-b13-216]
2020 12
6
